{
 "chain_iptm": [
  0.74,
  0.19,
  0.33,
  0.29,
  0.25,
  0.28,
  0.38,
  0.27,
  0.35,
  0.33
 ],
 "chain_pair_iptm": [
  [
   0.79,
   0.55,
   0.79,
   0.69,
   0.7,
   0.76,
   0.84,
   0.75,
   0.82,
   0.78
  ],
  [
   0.55,
   0.61,
   0.2,
   0.11,
   0.1,
   0.13,
   0.18,
   0.11,
   0.17,
   0.14
  ],
  [
   0.79,
   0.2,
   0.67,
   0.27,
   0.21,
   0.4,
   0.36,
   0.19,
   0.26,
   0.26
  ],
  [
   0.69,
   0.11,
   0.27,
   0.66,
   0.16,
   0.2,
   0.38,
   0.19,
   0.36,
   0.27
  ],
  [
   0.7,
   0.1,
   0.21,
   0.16,
   0.65,
   0.16,
   0.29,
   0.26,
   0.21,
   0.2
  ],
  [
   0.76,
   0.13,
   0.4,
   0.2,
   0.16,
   0.65,
   0.35,
   0.14,
   0.22,
   0.16
  ],
  [
   0.84,
   0.18,
   0.36,
   0.38,
   0.29,
   0.35,
   0.67,
   0.31,
   0.37,
   0.38
  ],
  [
   0.75,
   0.11,
   0.19,
   0.19,
   0.26,
   0.14,
   0.31,
   0.63,
   0.24,
   0.27
  ],
  [
   0.82,
   0.17,
   0.26,
   0.36,
   0.21,
   0.22,
   0.37,
   0.24,
   0.67,
   0.5
  ],
  [
   0.78,
   0.14,
   0.26,
   0.27,
   0.2,
   0.16,
   0.38,
   0.27,
   0.5,
   0.66
  ]
 ],
 "chain_pair_pae_min": [
  [
   0.76,
   2.27,
   1.15,
   1.49,
   1.44,
   1.26,
   1.08,
   1.39,
   1.0,
   1.31
  ],
  [
   2.15,
   0.76,
   14.68,
   22.3,
   25.74,
   20.78,
   21.89,
   27.41,
   23.83,
   23.27
  ],
  [
   1.25,
   8.65,
   0.76,
   8.16,
   9.21,
   4.38,
   6.15,
   10.89,
   8.48,
   8.86
  ],
  [
   1.52,
   15.87,
   13.65,
   0.76,
   16.97,
   15.69,
   9.39,
   16.04,
   7.12,
   8.83
  ],
  [
   1.77,
   17.67,
   17.19,
   14.05,
   0.76,
   15.59,
   10.77,
   8.6,
   12.67,
   11.45
  ],
  [
   1.56,
   13.04,
   5.73,
   12.07,
   12.29,
   0.76,
   7.9,
   14.12,
   13.42,
   13.71
  ],
  [
   1.14,
   10.05,
   5.93,
   5.41,
   6.06,
   5.8,
   0.76,
   6.64,
   5.45,
   5.55
  ],
  [
   1.53,
   15.78,
   15.29,
   12.74,
   6.34,
   14.76,
   9.62,
   0.76,
   11.47,
   9.81
  ],
  [
   1.22,
   10.33,
   8.54,
   4.74,
   9.4,
   9.66,
   5.9,
   9.43,
   0.76,
   2.86
  ],
  [
   1.36,
   12.62,
   11.32,
   7.94,
   12.04,
   13.27,
   9.24,
   10.62,
   3.41,
   0.76
  ]
 ],
 "chain_ptm": [
  0.79,
  0.61,
  0.67,
  0.66,
  0.65,
  0.65,
  0.67,
  0.63,
  0.67,
  0.66
 ],
 "fraction_disordered": 0.05,
 "has_clash": 0.0,
 "iptm": 0.76,
 "num_recycles": 10.0,
 "ptm": 0.79,
 "ranking_score": 0.79
}