{
 "chain_iptm": [
  0.73,
  0.16,
  0.3,
  0.25,
  0.26,
  0.27,
  0.37,
  0.28,
  0.33,
  0.34
 ],
 "chain_pair_iptm": [
  [
   0.78,
   0.48,
   0.77,
   0.64,
   0.71,
   0.74,
   0.83,
   0.76,
   0.8,
   0.8
  ],
  [
   0.48,
   0.59,
   0.15,
   0.07,
   0.09,
   0.1,
   0.15,
   0.1,
   0.15,
   0.15
  ],
  [
   0.77,
   0.15,
   0.66,
   0.21,
   0.2,
   0.37,
   0.33,
   0.18,
   0.24,
   0.24
  ],
  [
   0.64,
   0.07,
   0.21,
   0.63,
   0.15,
   0.15,
   0.3,
   0.18,
   0.3,
   0.27
  ],
  [
   0.71,
   0.09,
   0.2,
   0.15,
   0.66,
   0.16,
   0.31,
   0.29,
   0.2,
   0.23
  ],
  [
   0.74,
   0.1,
   0.37,
   0.15,
   0.16,
   0.66,
   0.32,
   0.15,
   0.2,
   0.19
  ],
  [
   0.83,
   0.15,
   0.33,
   0.3,
   0.31,
   0.32,
   0.67,
   0.32,
   0.35,
   0.38
  ],
  [
   0.76,
   0.1,
   0.18,
   0.18,
   0.29,
   0.15,
   0.32,
   0.65,
   0.23,
   0.32
  ],
  [
   0.8,
   0.15,
   0.24,
   0.3,
   0.2,
   0.2,
   0.35,
   0.23,
   0.65,
   0.5
  ],
  [
   0.8,
   0.15,
   0.24,
   0.27,
   0.23,
   0.19,
   0.38,
   0.32,
   0.5,
   0.66
  ]
 ],
 "chain_pair_pae_min": [
  [
   0.76,
   2.42,
   1.29,
   1.68,
   1.43,
   1.36,
   1.13,
   1.32,
   1.03,
   1.27
  ],
  [
   2.32,
   0.76,
   19.15,
   24.32,
   27.6,
   23.67,
   24.93,
   28.18,
   24.92,
   24.36
  ],
  [
   1.34,
   11.49,
   0.76,
   9.86,
   10.17,
   4.62,
   7.06,
   11.6,
   9.61,
   9.75
  ],
  [
   1.78,
   20.33,
   17.42,
   0.76,
   20.88,
   18.88,
   12.19,
   19.95,
   8.42,
   11.54
  ],
  [
   1.67,
   18.19,
   16.05,
   13.69,
   0.76,
   14.81,
   10.24,
   7.83,
   12.29,
   11.12
  ],
  [
   1.72,
   15.87,
   6.42,
   13.76,
   13.68,
   0.76,
   8.71,
   15.3,
   14.48,
   14.53
  ],
  [
   1.21,
   11.32,
   6.45,
   6.45,
   6.01,
   6.24,
   0.76,
   6.49,
   5.81,
   5.75
  ],
  [
   1.43,
   16.08,
   14.1,
   12.21,
   5.82,
   13.27,
   8.51,
   0.76,
   10.78,
   9.0
  ],
  [
   1.27,
   11.47,
   8.99,
   5.49,
   9.92,
   10.1,
   6.41,
   9.83,
   0.76,
   2.97
  ],
  [
   1.2,
   11.55,
   9.35,
   6.84,
   9.17,
   10.92,
   6.9,
   8.0,
   2.84,
   0.76
  ]
 ],
 "chain_ptm": [
  0.78,
  0.59,
  0.66,
  0.63,
  0.66,
  0.66,
  0.67,
  0.65,
  0.65,
  0.66
 ],
 "fraction_disordered": 0.0,
 "has_clash": 0.0,
 "iptm": 0.74,
 "num_recycles": 10.0,
 "ptm": 0.78,
 "ranking_score": 0.75
}