{
 "chain_iptm": [
  0.73,
  0.18,
  0.29,
  0.24,
  0.25,
  0.28,
  0.37,
  0.26,
  0.33,
  0.33
 ],
 "chain_pair_iptm": [
  [
   0.78,
   0.53,
   0.77,
   0.62,
   0.7,
   0.76,
   0.82,
   0.74,
   0.8,
   0.8
  ],
  [
   0.53,
   0.59,
   0.17,
   0.07,
   0.09,
   0.14,
   0.17,
   0.1,
   0.16,
   0.16
  ],
  [
   0.77,
   0.17,
   0.66,
   0.19,
   0.18,
   0.37,
   0.35,
   0.16,
   0.23,
   0.23
  ],
  [
   0.62,
   0.07,
   0.19,
   0.64,
   0.14,
   0.18,
   0.3,
   0.15,
   0.29,
   0.27
  ],
  [
   0.7,
   0.09,
   0.18,
   0.14,
   0.66,
   0.19,
   0.29,
   0.25,
   0.19,
   0.21
  ],
  [
   0.76,
   0.14,
   0.37,
   0.18,
   0.19,
   0.66,
   0.34,
   0.16,
   0.21,
   0.2
  ],
  [
   0.82,
   0.17,
   0.35,
   0.3,
   0.29,
   0.34,
   0.66,
   0.3,
   0.35,
   0.39
  ],
  [
   0.74,
   0.1,
   0.16,
   0.15,
   0.25,
   0.16,
   0.3,
   0.63,
   0.22,
   0.26
  ],
  [
   0.8,
   0.16,
   0.23,
   0.29,
   0.19,
   0.21,
   0.35,
   0.22,
   0.65,
   0.5
  ],
  [
   0.8,
   0.16,
   0.23,
   0.27,
   0.21,
   0.2,
   0.39,
   0.26,
   0.5,
   0.66
  ]
 ],
 "chain_pair_pae_min": [
  [
   0.76,
   2.29,
   1.26,
   1.79,
   1.46,
   1.28,
   1.15,
   1.4,
   1.04,
   1.26
  ],
  [
   2.17,
   0.76,
   15.16,
   23.05,
   27.0,
   21.21,
   23.06,
   27.57,
   23.6,
   22.94
  ],
  [
   1.41,
   9.64,
   0.76,
   10.63,
   11.13,
   5.12,
   7.4,
   12.4,
   10.62,
   10.67
  ],
  [
   1.8,
   20.03,
   17.63,
   0.76,
   21.07,
   19.54,
   12.04,
   20.02,
   9.08,
   11.72
  ],
  [
   1.79,
   18.4,
   17.32,
   14.65,
   0.76,
   15.93,
   10.92,
   8.61,
   13.09,
   12.04
  ],
  [
   1.5,
   12.04,
   5.14,
   11.74,
   10.83,
   0.76,
   7.17,
   12.65,
   11.94,
   11.8
  ],
  [
   1.21,
   10.24,
   6.31,
   6.66,
   6.06,
   6.03,
   0.76,
   6.59,
   5.76,
   5.59
  ],
  [
   1.59,
   16.75,
   16.12,
   14.17,
   6.81,
   15.39,
   10.52,
   0.76,
   12.95,
   11.06
  ],
  [
   1.27,
   10.83,
   9.0,
   5.61,
   9.93,
   10.06,
   6.36,
   9.85,
   0.76,
   2.97
  ],
  [
   1.21,
   11.27,
   9.49,
   7.02,
   9.61,
   10.93,
   7.04,
   8.77,
   2.88,
   0.76
  ]
 ],
 "chain_ptm": [
  0.78,
  0.59,
  0.66,
  0.64,
  0.66,
  0.66,
  0.66,
  0.63,
  0.65,
  0.66
 ],
 "fraction_disordered": 0.08,
 "has_clash": 0.0,
 "iptm": 0.74,
 "num_recycles": 10.0,
 "ptm": 0.78,
 "ranking_score": 0.79
}