{
 "chain_iptm": [
  0.75,
  0.2,
  0.32,
  0.3,
  0.27,
  0.3,
  0.39,
  0.28,
  0.35,
  0.36
 ],
 "chain_pair_iptm": [
  [
   0.79,
   0.55,
   0.79,
   0.69,
   0.71,
   0.77,
   0.84,
   0.75,
   0.82,
   0.81
  ],
  [
   0.55,
   0.61,
   0.22,
   0.1,
   0.12,
   0.17,
   0.2,
   0.12,
   0.18,
   0.18
  ],
  [
   0.79,
   0.22,
   0.66,
   0.25,
   0.2,
   0.41,
   0.36,
   0.18,
   0.24,
   0.25
  ],
  [
   0.69,
   0.1,
   0.25,
   0.66,
   0.17,
   0.22,
   0.37,
   0.19,
   0.35,
   0.34
  ],
  [
   0.71,
   0.12,
   0.2,
   0.17,
   0.66,
   0.19,
   0.31,
   0.27,
   0.2,
   0.24
  ],
  [
   0.77,
   0.17,
   0.41,
   0.22,
   0.19,
   0.67,
   0.35,
   0.16,
   0.22,
   0.22
  ],
  [
   0.84,
   0.2,
   0.36,
   0.37,
   0.31,
   0.35,
   0.67,
   0.32,
   0.37,
   0.4
  ],
  [
   0.75,
   0.12,
   0.18,
   0.19,
   0.27,
   0.16,
   0.32,
   0.64,
   0.24,
   0.31
  ],
  [
   0.82,
   0.18,
   0.24,
   0.35,
   0.2,
   0.22,
   0.37,
   0.24,
   0.67,
   0.52
  ],
  [
   0.81,
   0.18,
   0.25,
   0.34,
   0.24,
   0.22,
   0.4,
   0.31,
   0.52,
   0.67
  ]
 ],
 "chain_pair_pae_min": [
  [
   0.76,
   2.23,
   1.15,
   1.47,
   1.42,
   1.23,
   1.12,
   1.38,
   1.02,
   1.21
  ],
  [
   2.12,
   0.76,
   15.41,
   23.43,
   25.23,
   20.9,
   22.48,
   27.32,
   23.89,
   23.16
  ],
  [
   1.25,
   9.17,
   0.76,
   8.71,
   9.95,
   4.27,
   6.2,
   11.27,
   9.12,
   9.24
  ],
  [
   1.49,
   17.07,
   14.18,
   0.76,
   16.84,
   15.78,
   9.44,
   15.93,
   7.41,
   9.22
  ],
  [
   1.7,
   16.95,
   16.34,
   13.36,
   0.76,
   14.53,
   10.13,
   8.07,
   12.13,
   11.07
  ],
  [
   1.42,
   11.63,
   4.76,
   10.72,
   10.31,
   0.76,
   6.64,
   12.45,
   11.35,
   11.19
  ],
  [
   1.16,
   10.12,
   5.97,
   5.59,
   5.74,
   5.71,
   0.76,
   6.34,
   5.46,
   5.29
  ],
  [
   1.54,
   15.68,
   15.03,
   12.73,
   6.37,
   14.46,
   9.38,
   0.76,
   11.36,
   9.42
  ],
  [
   1.24,
   10.68,
   8.82,
   5.06,
   9.74,
   9.89,
   6.23,
   9.54,
   0.76,
   2.82
  ],
  [
   1.18,
   10.72,
   8.83,
   6.14,
   8.72,
   10.0,
   6.17,
   7.61,
   2.74,
   0.76
  ]
 ],
 "chain_ptm": [
  0.79,
  0.61,
  0.66,
  0.66,
  0.66,
  0.67,
  0.67,
  0.64,
  0.67,
  0.67
 ],
 "fraction_disordered": 0.0,
 "has_clash": 0.0,
 "iptm": 0.77,
 "num_recycles": 10.0,
 "ptm": 0.8,
 "ranking_score": 0.78
}