{
 "chain_iptm": [
  0.74,
  0.21,
  0.34,
  0.28,
  0.27,
  0.3,
  0.4,
  0.29,
  0.36,
  0.38
 ],
 "chain_pair_iptm": [
  [
   0.78,
   0.53,
   0.8,
   0.62,
   0.71,
   0.76,
   0.84,
   0.75,
   0.81,
   0.82
  ],
  [
   0.53,
   0.6,
   0.25,
   0.09,
   0.11,
   0.18,
   0.22,
   0.14,
   0.2,
   0.2
  ],
  [
   0.8,
   0.25,
   0.66,
   0.25,
   0.22,
   0.44,
   0.37,
   0.2,
   0.26,
   0.28
  ],
  [
   0.62,
   0.09,
   0.25,
   0.64,
   0.14,
   0.2,
   0.34,
   0.19,
   0.35,
   0.33
  ],
  [
   0.71,
   0.11,
   0.22,
   0.14,
   0.65,
   0.2,
   0.3,
   0.27,
   0.21,
   0.24
  ],
  [
   0.76,
   0.18,
   0.44,
   0.2,
   0.2,
   0.67,
   0.36,
   0.16,
   0.22,
   0.22
  ],
  [
   0.84,
   0.22,
   0.37,
   0.34,
   0.3,
   0.36,
   0.68,
   0.33,
   0.37,
   0.43
  ],
  [
   0.75,
   0.14,
   0.2,
   0.19,
   0.27,
   0.16,
   0.33,
   0.65,
   0.24,
   0.33
  ],
  [
   0.81,
   0.2,
   0.26,
   0.35,
   0.21,
   0.22,
   0.37,
   0.24,
   0.66,
   0.54
  ],
  [
   0.82,
   0.2,
   0.28,
   0.33,
   0.24,
   0.22,
   0.43,
   0.33,
   0.54,
   0.69
  ]
 ],
 "chain_pair_pae_min": [
  [
   0.76,
   2.19,
   1.15,
   1.79,
   1.46,
   1.26,
   1.08,
   1.4,
   1.02,
   1.26
  ],
  [
   2.1,
   0.76,
   14.55,
   22.5,
   24.38,
   19.93,
   21.75,
   26.25,
   23.04,
   22.14
  ],
  [
   1.2,
   7.62,
   0.76,
   8.32,
   8.7,
   3.96,
   5.69,
   10.17,
   8.38,
   8.39
  ],
  [
   1.85,
   18.47,
   16.84,
   0.76,
   19.95,
   18.39,
   11.79,
   18.64,
   8.05,
   11.22
  ],
  [
   1.78,
   17.09,
   17.53,
   14.85,
   0.76,
   15.83,
   11.25,
   9.07,
   13.2,
   12.21
  ],
  [
   1.44,
   10.98,
   5.06,
   11.24,
   10.53,
   0.76,
   6.49,
   12.3,
   11.72,
   11.58
  ],
  [
   1.16,
   9.08,
   5.81,
   6.01,
   5.8,
   5.74,
   0.76,
   6.22,
   5.4,
   5.35
  ],
  [
   1.47,
   14.49,
   14.42,
   12.5,
   6.15,
   13.64,
   8.87,
   0.76,
   10.74,
   8.72
  ],
  [
   1.25,
   9.78,
   8.43,
   5.06,
   9.45,
   9.6,
   5.98,
   9.35,
   0.76,
   2.82
  ],
  [
   1.16,
   9.89,
   8.46,
   5.82,
   8.51,
   9.74,
   5.99,
   7.39,
   2.67,
   0.76
  ]
 ],
 "chain_ptm": [
  0.78,
  0.6,
  0.66,
  0.64,
  0.65,
  0.67,
  0.68,
  0.65,
  0.66,
  0.69
 ],
 "fraction_disordered": 0.02,
 "has_clash": 0.0,
 "iptm": 0.77,
 "num_recycles": 10.0,
 "ptm": 0.8,
 "ranking_score": 0.79
}