{
 "chain_iptm": [
  0.72,
  0.17,
  0.29,
  0.24,
  0.25,
  0.28,
  0.37,
  0.25,
  0.33,
  0.33
 ],
 "chain_pair_iptm": [
  [
   0.77,
   0.52,
   0.78,
   0.63,
   0.7,
   0.76,
   0.82,
   0.72,
   0.81,
   0.79
  ],
  [
   0.52,
   0.59,
   0.17,
   0.07,
   0.09,
   0.13,
   0.17,
   0.09,
   0.16,
   0.15
  ],
  [
   0.78,
   0.17,
   0.66,
   0.18,
   0.18,
   0.36,
   0.35,
   0.15,
   0.24,
   0.22
  ],
  [
   0.63,
   0.07,
   0.18,
   0.64,
   0.14,
   0.17,
   0.3,
   0.14,
   0.29,
   0.27
  ],
  [
   0.7,
   0.09,
   0.18,
   0.14,
   0.65,
   0.18,
   0.29,
   0.24,
   0.19,
   0.2
  ],
  [
   0.76,
   0.13,
   0.36,
   0.17,
   0.18,
   0.66,
   0.35,
   0.15,
   0.21,
   0.19
  ],
  [
   0.82,
   0.17,
   0.35,
   0.3,
   0.29,
   0.35,
   0.66,
   0.3,
   0.36,
   0.39
  ],
  [
   0.72,
   0.09,
   0.15,
   0.14,
   0.24,
   0.15,
   0.3,
   0.63,
   0.21,
   0.24
  ],
  [
   0.81,
   0.16,
   0.24,
   0.29,
   0.19,
   0.21,
   0.36,
   0.21,
   0.66,
   0.5
  ],
  [
   0.79,
   0.15,
   0.22,
   0.27,
   0.2,
   0.19,
   0.39,
   0.24,
   0.5,
   0.66
  ]
 ],
 "chain_pair_pae_min": [
  [
   0.76,
   2.31,
   1.27,
   1.77,
   1.49,
   1.3,
   1.13,
   1.55,
   1.03,
   1.32
  ],
  [
   2.17,
   0.76,
   15.45,
   23.43,
   26.9,
   21.46,
   23.37,
   27.49,
   23.75,
   23.1
  ],
  [
   1.41,
   9.26,
   0.76,
   10.45,
   10.77,
   5.12,
   7.37,
   12.39,
   10.79,
   10.42
  ],
  [
   1.85,
   20.09,
   17.94,
   0.76,
   21.61,
   19.54,
   11.92,
   20.27,
   8.7,
   11.54
  ],
  [
   1.76,
   18.03,
   17.22,
   14.48,
   0.76,
   15.84,
   10.88,
   8.54,
   13.11,
   11.94
  ],
  [
   1.54,
   12.09,
   5.4,
   11.69,
   11.09,
   0.76,
   7.13,
   12.96,
   12.14,
   12.01
  ],
  [
   1.21,
   9.92,
   6.3,
   6.59,
   6.13,
   6.01,
   0.76,
   6.74,
   5.74,
   5.61
  ],
  [
   1.64,
   16.97,
   16.34,
   14.25,
   7.16,
   15.68,
   11.12,
   0.76,
   13.15,
   11.52
  ],
  [
   1.27,
   10.44,
   8.97,
   5.47,
   10.05,
   10.11,
   6.43,
   10.07,
   0.76,
   2.99
  ],
  [
   1.24,
   11.25,
   9.88,
   7.21,
   10.33,
   11.57,
   7.65,
   9.58,
   3.0,
   0.76
  ]
 ],
 "chain_ptm": [
  0.77,
  0.59,
  0.66,
  0.64,
  0.65,
  0.66,
  0.66,
  0.63,
  0.66,
  0.66
 ],
 "fraction_disordered": 0.08,
 "has_clash": 0.0,
 "iptm": 0.75,
 "num_recycles": 10.0,
 "ptm": 0.78,
 "ranking_score": 0.79
}