{
 "chain_iptm": [
  0.73,
  0.18,
  0.33,
  0.27,
  0.25,
  0.28,
  0.38,
  0.27,
  0.35,
  0.33
 ],
 "chain_pair_iptm": [
  [
   0.79,
   0.53,
   0.8,
   0.67,
   0.7,
   0.76,
   0.83,
   0.73,
   0.81,
   0.78
  ],
  [
   0.53,
   0.6,
   0.19,
   0.09,
   0.1,
   0.12,
   0.17,
   0.11,
   0.17,
   0.14
  ],
  [
   0.8,
   0.19,
   0.67,
   0.26,
   0.22,
   0.41,
   0.37,
   0.19,
   0.26,
   0.26
  ],
  [
   0.67,
   0.09,
   0.26,
   0.65,
   0.15,
   0.18,
   0.35,
   0.17,
   0.35,
   0.26
  ],
  [
   0.7,
   0.1,
   0.22,
   0.15,
   0.65,
   0.16,
   0.3,
   0.26,
   0.2,
   0.2
  ],
  [
   0.76,
   0.12,
   0.41,
   0.18,
   0.16,
   0.65,
   0.35,
   0.14,
   0.21,
   0.16
  ],
  [
   0.83,
   0.17,
   0.37,
   0.35,
   0.3,
   0.35,
   0.67,
   0.31,
   0.37,
   0.37
  ],
  [
   0.73,
   0.11,
   0.19,
   0.17,
   0.26,
   0.14,
   0.31,
   0.64,
   0.24,
   0.27
  ],
  [
   0.81,
   0.17,
   0.26,
   0.35,
   0.2,
   0.21,
   0.37,
   0.24,
   0.66,
   0.5
  ],
  [
   0.78,
   0.14,
   0.26,
   0.26,
   0.2,
   0.16,
   0.37,
   0.27,
   0.5,
   0.66
  ]
 ],
 "chain_pair_pae_min": [
  [
   0.76,
   2.19,
   1.14,
   1.61,
   1.48,
   1.28,
   1.09,
   1.49,
   1.02,
   1.39
  ],
  [
   2.16,
   0.76,
   15.06,
   23.26,
   25.17,
   20.6,
   22.74,
   26.86,
   24.37,
   23.4
  ],
  [
   1.23,
   8.54,
   0.76,
   8.3,
   8.78,
   4.24,
   6.07,
   10.56,
   8.36,
   8.53
  ],
  [
   1.69,
   17.45,
   15.32,
   0.76,
   18.72,
   17.01,
   10.94,
   17.71,
   7.89,
   10.07
  ],
  [
   1.76,
   17.25,
   16.86,
   14.27,
   0.76,
   15.54,
   10.76,
   8.53,
   12.63,
   11.47
  ],
  [
   1.59,
   13.23,
   5.91,
   12.71,
   12.42,
   0.76,
   7.95,
   14.23,
   13.56,
   13.85
  ],
  [
   1.18,
   9.76,
   5.87,
   5.86,
   6.1,
   5.82,
   0.76,
   6.76,
   5.51,
   5.71
  ],
  [
   1.54,
   15.54,
   15.49,
   13.18,
   6.57,
   14.87,
   10.05,
   0.76,
   11.58,
   9.95
  ],
  [
   1.25,
   10.16,
   8.57,
   5.01,
   9.51,
   9.7,
   6.0,
   9.52,
   0.76,
   2.9
  ],
  [
   1.4,
   12.58,
   11.18,
   8.21,
   12.3,
   13.46,
   9.31,
   10.91,
   3.49,
   0.76
  ]
 ],
 "chain_ptm": [
  0.79,
  0.6,
  0.67,
  0.65,
  0.65,
  0.65,
  0.67,
  0.64,
  0.66,
  0.66
 ],
 "fraction_disordered": 0.07,
 "has_clash": 0.0,
 "iptm": 0.76,
 "num_recycles": 10.0,
 "ptm": 0.79,
 "ranking_score": 0.8
}