{
 "chain_iptm": [
  0.71,
  0.16,
  0.3,
  0.23,
  0.2,
  0.26,
  0.35,
  0.23,
  0.32,
  0.33
 ],
 "chain_pair_iptm": [
  [
   0.77,
   0.51,
   0.78,
   0.6,
   0.64,
   0.74,
   0.82,
   0.69,
   0.79,
   0.79
  ],
  [
   0.51,
   0.59,
   0.18,
   0.06,
   0.06,
   0.13,
   0.17,
   0.09,
   0.15,
   0.15
  ],
  [
   0.78,
   0.18,
   0.65,
   0.2,
   0.16,
   0.39,
   0.34,
   0.15,
   0.23,
   0.24
  ],
  [
   0.6,
   0.06,
   0.2,
   0.63,
   0.06,
   0.15,
   0.29,
   0.12,
   0.28,
   0.27
  ],
  [
   0.64,
   0.06,
   0.16,
   0.06,
   0.62,
   0.12,
   0.21,
   0.17,
   0.16,
   0.18
  ],
  [
   0.74,
   0.13,
   0.39,
   0.15,
   0.12,
   0.66,
   0.32,
   0.12,
   0.19,
   0.19
  ],
  [
   0.82,
   0.17,
   0.34,
   0.29,
   0.21,
   0.32,
   0.67,
   0.27,
   0.34,
   0.38
  ],
  [
   0.69,
   0.09,
   0.15,
   0.12,
   0.17,
   0.12,
   0.27,
   0.63,
   0.21,
   0.27
  ],
  [
   0.79,
   0.15,
   0.23,
   0.28,
   0.16,
   0.19,
   0.34,
   0.21,
   0.65,
   0.49
  ],
  [
   0.79,
   0.15,
   0.24,
   0.27,
   0.18,
   0.19,
   0.38,
   0.27,
   0.49,
   0.66
  ]
 ],
 "chain_pair_pae_min": [
  [
   0.76,
   2.33,
   1.2,
   1.84,
   1.74,
   1.33,
   1.16,
   1.66,
   1.08,
   1.3
  ],
  [
   2.22,
   0.76,
   17.45,
   25.6,
   26.34,
   22.46,
   24.02,
   27.49,
   25.97,
   24.85
  ],
  [
   1.23,
   10.44,
   0.76,
   9.61,
   10.8,
   4.55,
   6.57,
   12.08,
   9.31,
   9.3
  ],
  [
   1.88,
   22.34,
   18.81,
   0.76,
   22.42,
   20.4,
   12.76,
   21.34,
   9.46,
   12.29
  ],
  [
   2.2,
   23.53,
   24.26,
   22.09,
   0.76,
   22.99,
   17.51,
   13.38,
   19.48,
   18.44
  ],
  [
   1.61,
   13.76,
   5.84,
   13.64,
   13.5,
   0.76,
   8.17,
   15.16,
   13.88,
   13.79
  ],
  [
   1.22,
   11.35,
   6.42,
   7.02,
   7.04,
   6.4,
   0.76,
   7.19,
   5.97,
   5.85
  ],
  [
   1.78,
   18.95,
   18.89,
   16.21,
   8.91,
   18.52,
   12.59,
   0.76,
   14.49,
   11.91
  ],
  [
   1.31,
   12.11,
   9.44,
   5.97,
   10.94,
   10.73,
   6.78,
   10.62,
   0.76,
   3.15
  ],
  [
   1.21,
   11.9,
   9.33,
   7.19,
   9.85,
   10.9,
   6.91,
   8.69,
   2.95,
   0.76
  ]
 ],
 "chain_ptm": [
  0.77,
  0.59,
  0.65,
  0.63,
  0.62,
  0.66,
  0.67,
  0.63,
  0.65,
  0.66
 ],
 "fraction_disordered": 0.05,
 "has_clash": 0.0,
 "iptm": 0.73,
 "num_recycles": 10.0,
 "ptm": 0.77,
 "ranking_score": 0.76
}