{
 "chain_iptm": [
  0.68,
  0.16,
  0.31,
  0.29,
  0.25,
  0.22,
  0.2,
  0.36,
  0.18,
  0.28
 ],
 "chain_pair_iptm": [
  [
   0.77,
   0.53,
   0.79,
   0.74,
   0.66,
   0.66,
   0.58,
   0.82,
   0.55,
   0.78
  ],
  [
   0.53,
   0.63,
   0.23,
   0.13,
   0.07,
   0.09,
   0.06,
   0.19,
   0.05,
   0.11
  ],
  [
   0.79,
   0.23,
   0.66,
   0.34,
   0.25,
   0.2,
   0.17,
   0.36,
   0.14,
   0.26
  ],
  [
   0.74,
   0.13,
   0.34,
   0.65,
   0.31,
   0.15,
   0.15,
   0.48,
   0.12,
   0.22
  ],
  [
   0.66,
   0.07,
   0.25,
   0.31,
   0.64,
   0.12,
   0.1,
   0.35,
   0.1,
   0.27
  ],
  [
   0.66,
   0.09,
   0.2,
   0.15,
   0.12,
   0.63,
   0.2,
   0.26,
   0.13,
   0.17
  ],
  [
   0.58,
   0.06,
   0.17,
   0.15,
   0.1,
   0.2,
   0.63,
   0.24,
   0.13,
   0.16
  ],
  [
   0.82,
   0.19,
   0.36,
   0.48,
   0.35,
   0.26,
   0.24,
   0.66,
   0.21,
   0.37
  ],
  [
   0.55,
   0.05,
   0.14,
   0.12,
   0.1,
   0.13,
   0.13,
   0.21,
   0.62,
   0.19
  ],
  [
   0.78,
   0.11,
   0.26,
   0.22,
   0.27,
   0.17,
   0.16,
   0.37,
   0.19,
   0.65
  ]
 ],
 "chain_pair_pae_min": [
  [
   0.76,
   2.31,
   1.14,
   1.43,
   1.58,
   1.61,
   1.83,
   1.09,
   2.22,
   1.37
  ],
  [
   1.96,
   0.76,
   14.93,
   21.98,
   23.15,
   23.01,
   25.28,
   21.07,
   26.8,
   23.36
  ],
  [
   1.26,
   10.34,
   0.76,
   6.29,
   8.2,
   8.99,
   10.12,
   6.03,
   12.0,
   8.56
  ],
  [
   1.58,
   15.15,
   8.79,
   0.76,
   7.75,
   12.47,
   11.45,
   3.95,
   14.13,
   10.68
  ],
  [
   1.57,
   21.69,
   16.41,
   11.66,
   0.76,
   18.46,
   17.71,
   10.82,
   17.96,
   10.56
  ],
  [
   1.9,
   19.69,
   19.29,
   16.63,
   16.6,
   0.76,
   7.65,
   12.61,
   12.73,
   14.1
  ],
  [
   2.01,
   22.91,
   21.87,
   17.77,
   19.68,
   8.12,
   0.76,
   11.15,
   12.55,
   18.1
  ],
  [
   1.24,
   12.17,
   6.22,
   3.32,
   6.12,
   6.47,
   6.81,
   0.76,
   8.51,
   6.05
  ],
  [
   2.2,
   25.3,
   24.19,
   22.51,
   21.78,
   15.85,
   12.54,
   18.55,
   0.76,
   13.76
  ],
  [
   1.38,
   16.03,
   11.79,
   11.3,
   8.39,
   12.16,
   11.83,
   9.17,
   10.42,
   0.76
  ]
 ],
 "chain_ptm": [
  0.77,
  0.63,
  0.66,
  0.65,
  0.64,
  0.63,
  0.63,
  0.66,
  0.62,
  0.65
 ],
 "fraction_disordered": 0.02,
 "has_clash": 0.0,
 "iptm": 0.72,
 "num_recycles": 10.0,
 "ptm": 0.76,
 "ranking_score": 0.74
}