{
 "chain_iptm": [
  0.69,
  0.18,
  0.29,
  0.32,
  0.25,
  0.21,
  0.19,
  0.38,
  0.19,
  0.3
 ],
 "chain_pair_iptm": [
  [
   0.77,
   0.57,
   0.79,
   0.77,
   0.65,
   0.65,
   0.56,
   0.82,
   0.57,
   0.8
  ],
  [
   0.57,
   0.64,
   0.24,
   0.17,
   0.07,
   0.08,
   0.06,
   0.21,
   0.05,
   0.14
  ],
  [
   0.79,
   0.24,
   0.65,
   0.3,
   0.23,
   0.19,
   0.15,
   0.36,
   0.13,
   0.23
  ],
  [
   0.77,
   0.17,
   0.3,
   0.66,
   0.34,
   0.18,
   0.17,
   0.51,
   0.15,
   0.27
  ],
  [
   0.65,
   0.07,
   0.23,
   0.34,
   0.66,
   0.11,
   0.09,
   0.36,
   0.09,
   0.29
  ],
  [
   0.65,
   0.08,
   0.19,
   0.18,
   0.11,
   0.63,
   0.16,
   0.26,
   0.11,
   0.18
  ],
  [
   0.56,
   0.06,
   0.15,
   0.17,
   0.09,
   0.16,
   0.62,
   0.24,
   0.14,
   0.18
  ],
  [
   0.82,
   0.21,
   0.36,
   0.51,
   0.36,
   0.26,
   0.24,
   0.66,
   0.22,
   0.4
  ],
  [
   0.57,
   0.05,
   0.13,
   0.15,
   0.09,
   0.11,
   0.14,
   0.22,
   0.63,
   0.22
  ],
  [
   0.8,
   0.14,
   0.23,
   0.27,
   0.29,
   0.18,
   0.18,
   0.4,
   0.22,
   0.67
  ]
 ],
 "chain_pair_pae_min": [
  [
   0.76,
   2.11,
   1.17,
   1.27,
   1.67,
   1.68,
   1.91,
   1.1,
   2.18,
   1.31
  ],
  [
   1.81,
   0.76,
   14.5,
   20.56,
   22.48,
   21.74,
   24.1,
   19.7,
   26.07,
   22.65
  ],
  [
   1.23,
   9.2,
   0.76,
   7.01,
   9.03,
   10.07,
   11.27,
   7.03,
   13.35,
   9.82
  ],
  [
   1.4,
   13.48,
   7.51,
   0.76,
   6.99,
   10.66,
   9.99,
   3.5,
   12.53,
   9.33
  ],
  [
   1.57,
   21.77,
   17.06,
   11.64,
   0.76,
   19.44,
   17.72,
   10.56,
   18.33,
   11.2
  ],
  [
   1.99,
   20.44,
   21.11,
   18.1,
   18.24,
   0.76,
   8.93,
   13.74,
   14.51,
   15.64
  ],
  [
   2.16,
   23.81,
   22.82,
   18.57,
   21.04,
   9.49,
   0.76,
   11.43,
   13.23,
   19.54
  ],
  [
   1.23,
   10.84,
   5.89,
   3.06,
   6.0,
   6.22,
   6.71,
   0.76,
   8.3,
   5.71
  ],
  [
   2.13,
   23.93,
   23.59,
   21.06,
   20.94,
   15.23,
   11.91,
   17.54,
   0.76,
   13.94
  ],
  [
   1.27,
   13.97,
   10.38,
   9.65,
   7.64,
   10.75,
   10.25,
   7.71,
   9.17,
   0.76
  ]
 ],
 "chain_ptm": [
  0.77,
  0.64,
  0.65,
  0.66,
  0.66,
  0.63,
  0.62,
  0.66,
  0.63,
  0.67
 ],
 "fraction_disordered": 0.0,
 "has_clash": 0.0,
 "iptm": 0.72,
 "num_recycles": 10.0,
 "ptm": 0.76,
 "ranking_score": 0.73
}