{
 "chain_iptm": [
  0.68,
  0.13,
  0.24,
  0.28,
  0.23,
  0.21,
  0.19,
  0.35,
  0.17,
  0.26
 ],
 "chain_pair_iptm": [
  [
   0.77,
   0.52,
   0.77,
   0.75,
   0.66,
   0.67,
   0.57,
   0.81,
   0.56,
   0.77
  ],
  [
   0.52,
   0.62,
   0.1,
   0.09,
   0.07,
   0.06,
   0.04,
   0.11,
   0.04,
   0.1
  ],
  [
   0.77,
   0.1,
   0.64,
   0.26,
   0.18,
   0.15,
   0.13,
   0.32,
   0.1,
   0.18
  ],
  [
   0.75,
   0.09,
   0.26,
   0.65,
   0.3,
   0.16,
   0.15,
   0.48,
   0.12,
   0.23
  ],
  [
   0.66,
   0.07,
   0.18,
   0.3,
   0.65,
   0.12,
   0.1,
   0.33,
   0.1,
   0.25
  ],
  [
   0.67,
   0.06,
   0.15,
   0.16,
   0.12,
   0.64,
   0.21,
   0.27,
   0.13,
   0.15
  ],
  [
   0.57,
   0.04,
   0.13,
   0.15,
   0.1,
   0.21,
   0.63,
   0.24,
   0.14,
   0.15
  ],
  [
   0.81,
   0.11,
   0.32,
   0.48,
   0.33,
   0.27,
   0.24,
   0.66,
   0.2,
   0.35
  ],
  [
   0.56,
   0.04,
   0.1,
   0.12,
   0.1,
   0.13,
   0.14,
   0.2,
   0.62,
   0.16
  ],
  [
   0.77,
   0.1,
   0.18,
   0.23,
   0.25,
   0.15,
   0.15,
   0.35,
   0.16,
   0.66
  ]
 ],
 "chain_pair_pae_min": [
  [
   0.76,
   2.26,
   1.26,
   1.34,
   1.65,
   1.57,
   1.88,
   1.16,
   2.27,
   1.4
  ],
  [
   2.04,
   0.76,
   19.0,
   25.88,
   25.69,
   27.37,
   27.53,
   24.45,
   28.51,
   24.53
  ],
  [
   1.43,
   14.58,
   0.76,
   9.56,
   11.23,
   12.21,
   12.95,
   9.27,
   14.76,
   11.89
  ],
  [
   1.5,
   16.72,
   8.74,
   0.76,
   7.59,
   11.97,
   11.13,
   3.87,
   13.74,
   10.26
  ],
  [
   1.57,
   20.6,
   16.42,
   11.56,
   0.76,
   18.49,
   17.27,
   10.51,
   17.91,
   10.65
  ],
  [
   1.89,
   22.06,
   19.85,
   16.81,
   16.91,
   0.76,
   7.31,
   12.79,
   12.5,
   14.6
  ],
  [
   2.14,
   24.32,
   22.03,
   18.34,
   20.29,
   7.86,
   0.76,
   12.04,
   12.77,
   19.09
  ],
  [
   1.29,
   13.7,
   6.56,
   3.3,
   6.19,
   6.6,
   7.01,
   0.76,
   8.79,
   6.27
  ],
  [
   2.18,
   25.59,
   24.99,
   23.04,
   22.24,
   15.66,
   12.56,
   19.11,
   0.76,
   15.65
  ],
  [
   1.43,
   15.63,
   12.26,
   11.76,
   8.84,
   13.31,
   12.89,
   9.93,
   12.04,
   0.76
  ]
 ],
 "chain_ptm": [
  0.77,
  0.62,
  0.64,
  0.65,
  0.65,
  0.64,
  0.63,
  0.66,
  0.62,
  0.66
 ],
 "fraction_disordered": 0.08,
 "has_clash": 0.0,
 "iptm": 0.68,
 "num_recycles": 10.0,
 "ptm": 0.74,
 "ranking_score": 0.73
}