{
 "chain_iptm": [
  0.68,
  0.16,
  0.3,
  0.31,
  0.27,
  0.23,
  0.21,
  0.37,
  0.17,
  0.31
 ],
 "chain_pair_iptm": [
  [
   0.78,
   0.53,
   0.8,
   0.76,
   0.68,
   0.66,
   0.59,
   0.82,
   0.53,
   0.79
  ],
  [
   0.53,
   0.56,
   0.19,
   0.13,
   0.09,
   0.08,
   0.06,
   0.17,
   0.04,
   0.14
  ],
  [
   0.8,
   0.19,
   0.66,
   0.35,
   0.26,
   0.2,
   0.18,
   0.37,
   0.13,
   0.27
  ],
  [
   0.76,
   0.13,
   0.35,
   0.65,
   0.33,
   0.17,
   0.17,
   0.5,
   0.12,
   0.27
  ],
  [
   0.68,
   0.09,
   0.26,
   0.33,
   0.64,
   0.12,
   0.11,
   0.36,
   0.1,
   0.33
  ],
  [
   0.66,
   0.08,
   0.2,
   0.17,
   0.12,
   0.63,
   0.22,
   0.26,
   0.12,
   0.2
  ],
  [
   0.59,
   0.06,
   0.18,
   0.17,
   0.11,
   0.22,
   0.62,
   0.24,
   0.13,
   0.19
  ],
  [
   0.82,
   0.17,
   0.37,
   0.5,
   0.36,
   0.26,
   0.24,
   0.66,
   0.19,
   0.4
  ],
  [
   0.53,
   0.04,
   0.13,
   0.12,
   0.1,
   0.12,
   0.13,
   0.19,
   0.61,
   0.18
  ],
  [
   0.79,
   0.14,
   0.27,
   0.27,
   0.33,
   0.2,
   0.19,
   0.4,
   0.18,
   0.64
  ]
 ],
 "chain_pair_pae_min": [
  [
   0.76,
   2.18,
   1.12,
   1.28,
   1.54,
   1.55,
   1.81,
   1.09,
   2.29,
   1.35
  ],
  [
   2.08,
   0.76,
   15.92,
   23.2,
   24.62,
   25.39,
   26.36,
   22.04,
   27.28,
   24.39
  ],
  [
   1.18,
   9.7,
   0.76,
   6.1,
   7.85,
   8.95,
   9.85,
   5.74,
   12.09,
   8.41
  ],
  [
   1.43,
   13.46,
   7.69,
   0.76,
   7.0,
   11.05,
   10.33,
   3.63,
   12.73,
   9.39
  ],
  [
   1.51,
   18.03,
   14.44,
   10.62,
   0.76,
   17.41,
   16.21,
   9.79,
   16.55,
   9.68
  ],
  [
   1.84,
   20.22,
   19.93,
   17.08,
   16.97,
   0.76,
   7.37,
   12.95,
   12.72,
   14.42
  ],
  [
   2.04,
   22.39,
   21.13,
   17.65,
   19.53,
   7.45,
   0.76,
   11.85,
   12.01,
   17.9
  ],
  [
   1.22,
   10.91,
   5.89,
   3.1,
   5.58,
   6.26,
   6.69,
   0.76,
   8.28,
   5.63
  ],
  [
   2.26,
   25.88,
   26.5,
   24.45,
   23.72,
   16.21,
   12.78,
   20.39,
   0.76,
   16.17
  ],
  [
   1.26,
   12.44,
   9.74,
   9.03,
   6.51,
   9.97,
   9.71,
   7.11,
   9.18,
   0.76
  ]
 ],
 "chain_ptm": [
  0.78,
  0.56,
  0.66,
  0.65,
  0.64,
  0.63,
  0.62,
  0.66,
  0.61,
  0.64
 ],
 "fraction_disordered": 0.0,
 "has_clash": 0.0,
 "iptm": 0.7,
 "num_recycles": 10.0,
 "ptm": 0.75,
 "ranking_score": 0.72
}