{
 "chain_iptm": [
  0.66,
  0.14,
  0.28,
  0.29,
  0.23,
  0.17,
  0.18,
  0.34,
  0.17,
  0.25
 ],
 "chain_pair_iptm": [
  [
   0.77,
   0.52,
   0.78,
   0.75,
   0.63,
   0.6,
   0.56,
   0.81,
   0.55,
   0.76
  ],
  [
   0.52,
   0.61,
   0.15,
   0.11,
   0.07,
   0.05,
   0.05,
   0.14,
   0.04,
   0.1
  ],
  [
   0.78,
   0.15,
   0.66,
   0.31,
   0.23,
   0.15,
   0.16,
   0.35,
   0.12,
   0.23
  ],
  [
   0.75,
   0.11,
   0.31,
   0.65,
   0.31,
   0.13,
   0.15,
   0.48,
   0.12,
   0.23
  ],
  [
   0.63,
   0.07,
   0.23,
   0.31,
   0.64,
   0.08,
   0.09,
   0.34,
   0.08,
   0.22
  ],
  [
   0.6,
   0.05,
   0.15,
   0.13,
   0.08,
   0.61,
   0.12,
   0.21,
   0.09,
   0.12
  ],
  [
   0.56,
   0.05,
   0.16,
   0.15,
   0.09,
   0.12,
   0.61,
   0.23,
   0.15,
   0.13
  ],
  [
   0.81,
   0.14,
   0.35,
   0.48,
   0.34,
   0.21,
   0.23,
   0.66,
   0.2,
   0.35
  ],
  [
   0.55,
   0.04,
   0.12,
   0.12,
   0.08,
   0.09,
   0.15,
   0.2,
   0.62,
   0.14
  ],
  [
   0.76,
   0.1,
   0.23,
   0.23,
   0.22,
   0.12,
   0.13,
   0.35,
   0.14,
   0.64
  ]
 ],
 "chain_pair_pae_min": [
  [
   0.76,
   2.38,
   1.18,
   1.33,
   1.79,
   1.92,
   1.89,
   1.13,
   2.24,
   1.43
  ],
  [
   2.19,
   0.76,
   16.83,
   24.08,
   25.67,
   26.43,
   26.99,
   22.61,
   28.27,
   25.25
  ],
  [
   1.29,
   10.82,
   0.76,
   7.17,
   9.14,
   10.78,
   11.15,
   6.73,
   13.06,
   9.44
  ],
  [
   1.49,
   14.56,
   8.07,
   0.76,
   7.9,
   12.79,
   11.34,
   3.77,
   13.63,
   10.18
  ],
  [
   1.7,
   20.5,
   17.36,
   12.62,
   0.76,
   20.16,
   18.48,
   11.53,
   19.11,
   11.71
  ],
  [
   2.29,
   24.64,
   24.96,
   23.27,
   22.78,
   0.76,
   10.02,
   17.95,
   16.8,
   19.81
  ],
  [
   2.23,
   23.93,
   23.11,
   19.21,
   21.28,
   11.03,
   0.76,
   11.91,
   12.78,
   19.83
  ],
  [
   1.27,
   11.83,
   6.3,
   3.32,
   6.55,
   7.25,
   7.18,
   0.76,
   8.81,
   6.3
  ],
  [
   2.17,
   25.1,
   25.17,
   23.15,
   22.76,
   14.32,
   11.99,
   19.17,
   0.76,
   15.62
  ],
  [
   1.58,
   15.63,
   13.59,
   13.53,
   10.2,
   15.21,
   14.21,
   11.49,
   12.74,
   0.76
  ]
 ],
 "chain_ptm": [
  0.77,
  0.61,
  0.66,
  0.65,
  0.64,
  0.61,
  0.61,
  0.66,
  0.62,
  0.64
 ],
 "fraction_disordered": 0.05,
 "has_clash": 0.0,
 "iptm": 0.68,
 "num_recycles": 10.0,
 "ptm": 0.74,
 "ranking_score": 0.72
}