{
 "chain_iptm": [
  0.72,
  0.17,
  0.3,
  0.27,
  0.23,
  0.26,
  0.37,
  0.24,
  0.34,
  0.31
 ],
 "chain_pair_iptm": [
  [
   0.78,
   0.52,
   0.77,
   0.67,
   0.69,
   0.74,
   0.83,
   0.7,
   0.81,
   0.77
  ],
  [
   0.52,
   0.59,
   0.17,
   0.09,
   0.09,
   0.11,
   0.17,
   0.09,
   0.15,
   0.12
  ],
  [
   0.77,
   0.17,
   0.66,
   0.23,
   0.19,
   0.36,
   0.35,
   0.15,
   0.23,
   0.22
  ],
  [
   0.67,
   0.09,
   0.23,
   0.65,
   0.13,
   0.17,
   0.37,
   0.15,
   0.36,
   0.25
  ],
  [
   0.69,
   0.09,
   0.19,
   0.13,
   0.65,
   0.14,
   0.28,
   0.22,
   0.2,
   0.18
  ],
  [
   0.74,
   0.11,
   0.36,
   0.17,
   0.14,
   0.64,
   0.34,
   0.11,
   0.2,
   0.14
  ],
  [
   0.83,
   0.17,
   0.35,
   0.37,
   0.28,
   0.34,
   0.67,
   0.28,
   0.37,
   0.37
  ],
  [
   0.7,
   0.09,
   0.15,
   0.15,
   0.22,
   0.11,
   0.28,
   0.63,
   0.21,
   0.22
  ],
  [
   0.81,
   0.15,
   0.23,
   0.36,
   0.2,
   0.2,
   0.37,
   0.21,
   0.66,
   0.49
  ],
  [
   0.77,
   0.12,
   0.22,
   0.25,
   0.18,
   0.14,
   0.37,
   0.22,
   0.49,
   0.65
  ]
 ],
 "chain_pair_pae_min": [
  [
   0.76,
   2.35,
   1.27,
   1.6,
   1.57,
   1.34,
   1.11,
   1.59,
   1.01,
   1.41
  ],
  [
   2.25,
   0.76,
   15.0,
   23.54,
   26.68,
   21.49,
   23.38,
   27.77,
   24.87,
   24.47
  ],
  [
   1.41,
   9.87,
   0.76,
   9.79,
   10.88,
   5.14,
   7.6,
   12.66,
   10.09,
   10.45
  ],
  [
   1.61,
   16.91,
   14.74,
   0.76,
   17.66,
   16.6,
   10.05,
   16.48,
   7.57,
   9.48
  ],
  [
   1.82,
   18.21,
   18.33,
   15.9,
   0.76,
   16.91,
   12.31,
   9.1,
   14.37,
   12.9
  ],
  [
   1.69,
   14.17,
   6.65,
   13.53,
   13.69,
   0.76,
   8.87,
   15.75,
   14.8,
   15.13
  ],
  [
   1.15,
   10.27,
   6.09,
   5.55,
   6.12,
   5.95,
   0.76,
   7.01,
   5.46,
   5.68
  ],
  [
   1.67,
   17.82,
   17.73,
   14.95,
   8.27,
   17.1,
   12.58,
   0.76,
   14.03,
   11.85
  ],
  [
   1.24,
   10.59,
   8.99,
   4.95,
   9.67,
   10.09,
   6.25,
   10.01,
   0.76,
   3.01
  ],
  [
   1.43,
   13.52,
   12.51,
   8.74,
   13.03,
   14.64,
   10.11,
   11.75,
   3.8,
   0.76
  ]
 ],
 "chain_ptm": [
  0.78,
  0.59,
  0.66,
  0.65,
  0.65,
  0.64,
  0.67,
  0.63,
  0.66,
  0.65
 ],
 "fraction_disordered": 0.06,
 "has_clash": 0.0,
 "iptm": 0.74,
 "num_recycles": 10.0,
 "ptm": 0.78,
 "ranking_score": 0.78
}