{
 "chain_iptm": [
  0.7,
  0.16,
  0.27,
  0.22,
  0.22,
  0.25,
  0.35,
  0.21,
  0.31,
  0.32
 ],
 "chain_pair_iptm": [
  [
   0.77,
   0.5,
   0.75,
   0.59,
   0.67,
   0.73,
   0.82,
   0.66,
   0.79,
   0.79
  ],
  [
   0.5,
   0.58,
   0.16,
   0.06,
   0.09,
   0.12,
   0.16,
   0.07,
   0.14,
   0.14
  ],
  [
   0.75,
   0.16,
   0.64,
   0.18,
   0.16,
   0.34,
   0.32,
   0.13,
   0.2,
   0.21
  ],
  [
   0.59,
   0.06,
   0.18,
   0.63,
   0.11,
   0.14,
   0.28,
   0.1,
   0.27,
   0.25
  ],
  [
   0.67,
   0.09,
   0.16,
   0.11,
   0.64,
   0.14,
   0.27,
   0.18,
   0.18,
   0.2
  ],
  [
   0.73,
   0.12,
   0.34,
   0.14,
   0.14,
   0.65,
   0.31,
   0.11,
   0.19,
   0.18
  ],
  [
   0.82,
   0.16,
   0.32,
   0.28,
   0.27,
   0.31,
   0.66,
   0.24,
   0.34,
   0.37
  ],
  [
   0.66,
   0.07,
   0.13,
   0.1,
   0.18,
   0.11,
   0.24,
   0.62,
   0.19,
   0.24
  ],
  [
   0.79,
   0.14,
   0.2,
   0.27,
   0.18,
   0.19,
   0.34,
   0.19,
   0.64,
   0.48
  ],
  [
   0.79,
   0.14,
   0.21,
   0.25,
   0.2,
   0.18,
   0.37,
   0.24,
   0.48,
   0.65
  ]
 ],
 "chain_pair_pae_min": [
  [
   0.76,
   2.44,
   1.31,
   1.91,
   1.63,
   1.39,
   1.2,
   1.82,
   1.08,
   1.32
  ],
  [
   2.31,
   0.76,
   17.09,
   25.9,
   26.78,
   22.43,
   24.32,
   28.26,
   26.25,
   25.41
  ],
  [
   1.4,
   11.52,
   0.76,
   11.25,
   12.03,
   5.42,
   7.92,
   14.02,
   11.1,
   11.18
  ],
  [
   1.96,
   22.86,
   19.75,
   0.76,
   22.67,
   21.19,
   12.94,
   22.1,
   9.94,
   12.96
  ],
  [
   1.87,
   19.7,
   19.14,
   16.96,
   0.76,
   17.75,
   12.85,
   9.72,
   15.15,
   13.83
  ],
  [
   1.68,
   14.36,
   6.25,
   14.24,
   13.39,
   0.76,
   8.92,
   16.03,
   14.55,
   14.54
  ],
  [
   1.23,
   11.61,
   6.65,
   7.16,
   6.3,
   6.47,
   0.76,
   7.57,
   5.96,
   5.83
  ],
  [
   1.92,
   20.95,
   20.82,
   18.03,
   10.04,
   20.68,
   14.76,
   0.76,
   16.59,
   13.66
  ],
  [
   1.32,
   12.39,
   9.79,
   6.18,
   10.65,
   11.03,
   6.98,
   11.04,
   0.76,
   3.23
  ],
  [
   1.24,
   12.31,
   9.9,
   7.66,
   9.64,
   11.38,
   7.25,
   9.1,
   3.07,
   0.76
  ]
 ],
 "chain_ptm": [
  0.77,
  0.58,
  0.64,
  0.63,
  0.64,
  0.65,
  0.66,
  0.62,
  0.64,
  0.65
 ],
 "fraction_disordered": 0.06,
 "has_clash": 0.0,
 "iptm": 0.72,
 "num_recycles": 10.0,
 "ptm": 0.76,
 "ranking_score": 0.76
}