{
 "chain_iptm": [
  0.71,
  0.17,
  0.3,
  0.26,
  0.24,
  0.27,
  0.37,
  0.25,
  0.33,
  0.35
 ],
 "chain_pair_iptm": [
  [
   0.77,
   0.47,
   0.76,
   0.61,
   0.67,
   0.74,
   0.83,
   0.71,
   0.79,
   0.81
  ],
  [
   0.47,
   0.51,
   0.17,
   0.08,
   0.09,
   0.12,
   0.17,
   0.1,
   0.16,
   0.16
  ],
  [
   0.76,
   0.17,
   0.65,
   0.22,
   0.19,
   0.38,
   0.33,
   0.16,
   0.22,
   0.24
  ],
  [
   0.61,
   0.08,
   0.22,
   0.64,
   0.12,
   0.17,
   0.34,
   0.16,
   0.34,
   0.32
  ],
  [
   0.67,
   0.09,
   0.19,
   0.12,
   0.64,
   0.17,
   0.27,
   0.22,
   0.19,
   0.22
  ],
  [
   0.74,
   0.12,
   0.38,
   0.17,
   0.17,
   0.66,
   0.33,
   0.13,
   0.2,
   0.2
  ],
  [
   0.83,
   0.17,
   0.33,
   0.34,
   0.27,
   0.33,
   0.67,
   0.29,
   0.35,
   0.4
  ],
  [
   0.71,
   0.1,
   0.16,
   0.16,
   0.22,
   0.13,
   0.29,
   0.64,
   0.22,
   0.28
  ],
  [
   0.79,
   0.16,
   0.22,
   0.34,
   0.19,
   0.2,
   0.35,
   0.22,
   0.65,
   0.51
  ],
  [
   0.81,
   0.16,
   0.24,
   0.32,
   0.22,
   0.2,
   0.4,
   0.28,
   0.51,
   0.67
  ]
 ],
 "chain_pair_pae_min": [
  [
   0.76,
   2.55,
   1.33,
   1.89,
   1.63,
   1.38,
   1.16,
   1.6,
   1.05,
   1.3
  ],
  [
   2.42,
   0.76,
   16.46,
   23.52,
   26.62,
   21.94,
   23.24,
   27.56,
   24.3,
   23.13
  ],
  [
   1.37,
   10.41,
   0.76,
   9.91,
   10.61,
   4.87,
   7.0,
   12.34,
   10.11,
   10.1
  ],
  [
   1.88,
   18.14,
   17.22,
   0.76,
   20.24,
   18.77,
   11.48,
   18.92,
   8.48,
   11.33
  ],
  [
   1.88,
   18.82,
   18.72,
   16.74,
   0.76,
   17.5,
   12.12,
   9.6,
   15.0,
   13.82
  ],
  [
   1.63,
   13.94,
   6.21,
   12.93,
   12.19,
   0.76,
   7.9,
   14.39,
   13.57,
   13.64
  ],
  [
   1.2,
   10.71,
   6.42,
   6.18,
   6.16,
   6.23,
   0.76,
   6.9,
   5.85,
   5.78
  ],
  [
   1.66,
   17.35,
   16.96,
   14.69,
   7.9,
   16.23,
   11.58,
   0.76,
   13.5,
   11.0
  ],
  [
   1.27,
   11.1,
   9.19,
   5.31,
   9.83,
   10.27,
   6.4,
   10.15,
   0.76,
   3.02
  ],
  [
   1.19,
   11.15,
   9.35,
   6.05,
   8.88,
   10.6,
   6.53,
   8.18,
   2.89,
   0.76
  ]
 ],
 "chain_ptm": [
  0.77,
  0.51,
  0.65,
  0.64,
  0.64,
  0.66,
  0.67,
  0.64,
  0.65,
  0.67
 ],
 "fraction_disordered": 0.08,
 "has_clash": 0.0,
 "iptm": 0.75,
 "num_recycles": 10.0,
 "ptm": 0.78,
 "ranking_score": 0.79
}