{
 "chain_iptm": [
  0.71,
  0.15,
  0.3,
  0.25,
  0.24,
  0.25,
  0.36,
  0.25,
  0.32,
  0.33
 ],
 "chain_pair_iptm": [
  [
   0.78,
   0.47,
   0.76,
   0.63,
   0.68,
   0.73,
   0.82,
   0.71,
   0.8,
   0.79
  ],
  [
   0.47,
   0.59,
   0.14,
   0.07,
   0.08,
   0.09,
   0.13,
   0.08,
   0.13,
   0.13
  ],
  [
   0.76,
   0.14,
   0.67,
   0.22,
   0.2,
   0.36,
   0.34,
   0.17,
   0.24,
   0.24
  ],
  [
   0.63,
   0.07,
   0.22,
   0.63,
   0.12,
   0.15,
   0.32,
   0.15,
   0.3,
   0.27
  ],
  [
   0.68,
   0.08,
   0.2,
   0.12,
   0.65,
   0.14,
   0.29,
   0.24,
   0.19,
   0.21
  ],
  [
   0.73,
   0.09,
   0.36,
   0.15,
   0.14,
   0.65,
   0.32,
   0.12,
   0.19,
   0.18
  ],
  [
   0.82,
   0.13,
   0.34,
   0.32,
   0.29,
   0.32,
   0.66,
   0.29,
   0.35,
   0.38
  ],
  [
   0.71,
   0.08,
   0.17,
   0.15,
   0.24,
   0.12,
   0.29,
   0.64,
   0.21,
   0.26
  ],
  [
   0.8,
   0.13,
   0.24,
   0.3,
   0.19,
   0.19,
   0.35,
   0.21,
   0.64,
   0.49
  ],
  [
   0.79,
   0.13,
   0.24,
   0.27,
   0.21,
   0.18,
   0.38,
   0.26,
   0.49,
   0.65
  ]
 ],
 "chain_pair_pae_min": [
  [
   0.76,
   2.47,
   1.31,
   1.78,
   1.56,
   1.42,
   1.16,
   1.54,
   1.04,
   1.33
  ],
  [
   2.44,
   0.76,
   18.89,
   24.99,
   28.13,
   23.8,
   25.41,
   28.76,
   25.46,
   25.35
  ],
  [
   1.35,
   11.48,
   0.76,
   9.71,
   9.91,
   4.76,
   6.83,
   11.65,
   9.51,
   9.56
  ],
  [
   1.81,
   20.72,
   17.4,
   0.76,
   20.52,
   19.09,
   11.89,
   19.75,
   8.71,
   11.71
  ],
  [
   1.8,
   19.38,
   17.67,
   15.79,
   0.76,
   16.36,
   11.63,
   8.59,
   14.36,
   13.08
  ],
  [
   1.81,
   16.54,
   6.99,
   14.41,
   14.54,
   0.76,
   9.4,
   16.28,
   15.23,
   15.35
  ],
  [
   1.21,
   11.55,
   6.35,
   6.45,
   6.04,
   6.36,
   0.76,
   6.81,
   5.76,
   5.71
  ],
  [
   1.6,
   18.22,
   16.54,
   14.39,
   7.57,
   16.04,
   11.52,
   0.76,
   13.33,
   11.35
  ],
  [
   1.28,
   11.93,
   9.32,
   5.66,
   10.08,
   10.41,
   6.58,
   10.36,
   0.76,
   3.07
  ],
  [
   1.23,
   12.25,
   9.82,
   7.31,
   9.56,
   11.38,
   7.32,
   8.92,
   3.0,
   0.76
  ]
 ],
 "chain_ptm": [
  0.78,
  0.59,
  0.67,
  0.63,
  0.65,
  0.65,
  0.66,
  0.64,
  0.64,
  0.65
 ],
 "fraction_disordered": 0.09,
 "has_clash": 0.0,
 "iptm": 0.73,
 "num_recycles": 10.0,
 "ptm": 0.77,
 "ranking_score": 0.78
}