{
 "chain_iptm": [
  0.7,
  0.15,
  0.26,
  0.21,
  0.22,
  0.26,
  0.35,
  0.22,
  0.31,
  0.31
 ],
 "chain_pair_iptm": [
  [
   0.76,
   0.5,
   0.74,
   0.59,
   0.68,
   0.74,
   0.82,
   0.68,
   0.79,
   0.79
  ],
  [
   0.5,
   0.58,
   0.14,
   0.05,
   0.07,
   0.11,
   0.14,
   0.07,
   0.13,
   0.13
  ],
  [
   0.74,
   0.14,
   0.65,
   0.16,
   0.15,
   0.32,
   0.33,
   0.13,
   0.21,
   0.2
  ],
  [
   0.59,
   0.05,
   0.16,
   0.63,
   0.11,
   0.15,
   0.27,
   0.1,
   0.26,
   0.24
  ],
  [
   0.68,
   0.07,
   0.15,
   0.11,
   0.65,
   0.16,
   0.27,
   0.19,
   0.18,
   0.19
  ],
  [
   0.74,
   0.11,
   0.32,
   0.15,
   0.16,
   0.65,
   0.33,
   0.13,
   0.19,
   0.18
  ],
  [
   0.82,
   0.14,
   0.33,
   0.27,
   0.27,
   0.33,
   0.66,
   0.27,
   0.35,
   0.38
  ],
  [
   0.68,
   0.07,
   0.13,
   0.1,
   0.19,
   0.13,
   0.27,
   0.62,
   0.19,
   0.22
  ],
  [
   0.79,
   0.13,
   0.21,
   0.26,
   0.18,
   0.19,
   0.35,
   0.19,
   0.64,
   0.49
  ],
  [
   0.79,
   0.13,
   0.2,
   0.24,
   0.19,
   0.18,
   0.38,
   0.22,
   0.49,
   0.65
  ]
 ],
 "chain_pair_pae_min": [
  [
   0.76,
   2.43,
   1.43,
   1.97,
   1.6,
   1.39,
   1.21,
   1.71,
   1.06,
   1.34
  ],
  [
   2.3,
   0.76,
   15.58,
   24.84,
   27.76,
   22.05,
   24.36,
   28.52,
   25.78,
   25.51
  ],
  [
   1.61,
   11.13,
   0.76,
   12.34,
   13.02,
   6.12,
   8.85,
   14.31,
   12.31,
   12.16
  ],
  [
   1.97,
   22.34,
   19.43,
   0.76,
   23.17,
   21.43,
   12.92,
   21.76,
   10.08,
   13.05
  ],
  [
   1.84,
   19.71,
   18.68,
   16.59,
   0.76,
   17.31,
   12.53,
   9.23,
   14.94,
   13.8
  ],
  [
   1.63,
   13.27,
   5.87,
   12.96,
   11.78,
   0.76,
   7.99,
   14.18,
   13.23,
   13.12
  ],
  [
   1.21,
   11.04,
   6.46,
   7.11,
   6.17,
   6.19,
   0.76,
   7.03,
   5.81,
   5.68
  ],
  [
   1.79,
   20.0,
   19.13,
   17.35,
   9.26,
   18.48,
   13.94,
   0.76,
   16.31,
   14.08
  ],
  [
   1.29,
   11.59,
   9.69,
   6.23,
   10.53,
   10.75,
   6.76,
   10.69,
   0.76,
   3.12
  ],
  [
   1.24,
   12.12,
   10.34,
   7.94,
   10.12,
   11.68,
   7.53,
   9.81,
   3.09,
   0.76
  ]
 ],
 "chain_ptm": [
  0.76,
  0.58,
  0.65,
  0.63,
  0.65,
  0.65,
  0.66,
  0.62,
  0.64,
  0.65
 ],
 "fraction_disordered": 0.07,
 "has_clash": 0.0,
 "iptm": 0.72,
 "num_recycles": 10.0,
 "ptm": 0.76,
 "ranking_score": 0.76
}