{
 "chain_iptm": [
  0.69,
  0.15,
  0.28,
  0.32,
  0.26,
  0.2,
  0.38,
  0.21,
  0.3
 ],
 "chain_pair_iptm": [
  [
   0.77,
   0.52,
   0.77,
   0.75,
   0.65,
   0.63,
   0.83,
   0.62,
   0.79
  ],
  [
   0.52,
   0.62,
   0.15,
   0.12,
   0.07,
   0.05,
   0.14,
   0.05,
   0.12
  ],
  [
   0.77,
   0.15,
   0.66,
   0.29,
   0.2,
   0.15,
   0.36,
   0.13,
   0.21
  ],
  [
   0.75,
   0.12,
   0.29,
   0.66,
   0.31,
   0.15,
   0.5,
   0.15,
   0.25
  ],
  [
   0.65,
   0.07,
   0.2,
   0.31,
   0.65,
   0.09,
   0.35,
   0.11,
   0.28
  ],
  [
   0.63,
   0.05,
   0.15,
   0.15,
   0.09,
   0.63,
   0.24,
   0.13,
   0.16
  ],
  [
   0.83,
   0.14,
   0.36,
   0.5,
   0.35,
   0.24,
   0.66,
   0.25,
   0.38
  ],
  [
   0.62,
   0.05,
   0.13,
   0.15,
   0.11,
   0.13,
   0.25,
   0.65,
   0.22
  ],
  [
   0.79,
   0.12,
   0.21,
   0.25,
   0.28,
   0.16,
   0.38,
   0.22,
   0.66
  ]
 ],
 "chain_pair_pae_min": [
  [
   0.76,
   2.31,
   1.26,
   1.31,
   1.72,
   1.82,
   1.11,
   1.95,
   1.39
  ],
  [
   2.21,
   0.76,
   15.73,
   24.25,
   24.94,
   26.44,
   23.7,
   28.17,
   24.75
  ],
  [
   1.41,
   11.62,
   0.76,
   8.51,
   10.41,
   11.26,
   8.26,
   13.59,
   10.71
  ],
  [
   1.46,
   14.12,
   7.74,
   0.76,
   7.32,
   11.3,
   3.71,
   12.37,
   9.5
  ],
  [
   1.59,
   19.73,
   15.94,
   11.34,
   0.76,
   18.64,
   10.4,
   17.7,
   10.84
  ],
  [
   2.09,
   24.18,
   23.73,
   19.33,
   19.67,
   0.76,
   14.8,
   14.09,
   16.34
  ],
  [
   1.18,
   11.48,
   5.76,
   3.05,
   5.91,
   6.31,
   0.76,
   7.25,
   5.51
  ],
  [
   1.92,
   22.49,
   21.53,
   18.74,
   18.42,
   12.13,
   15.4,
   0.76,
   12.04
  ],
  [
   1.33,
   13.5,
   11.26,
   10.78,
   8.03,
   11.68,
   8.6,
   9.85,
   0.76
  ]
 ],
 "chain_ptm": [
  0.77,
  0.62,
  0.66,
  0.66,
  0.65,
  0.63,
  0.66,
  0.65,
  0.66
 ],
 "fraction_disordered": 0.1,
 "has_clash": 0.0,
 "iptm": 0.71,
 "num_recycles": 10.0,
 "ptm": 0.75,
 "ranking_score": 0.77
}