{
 "chain_iptm": [
  0.7,
  0.18,
  0.32,
  0.33,
  0.27,
  0.21,
  0.39,
  0.21,
  0.32
 ],
 "chain_pair_iptm": [
  [
   0.78,
   0.53,
   0.79,
   0.75,
   0.66,
   0.63,
   0.83,
   0.61,
   0.8
  ],
  [
   0.53,
   0.6,
   0.2,
   0.14,
   0.09,
   0.06,
   0.18,
   0.06,
   0.15
  ],
  [
   0.79,
   0.2,
   0.66,
   0.33,
   0.25,
   0.18,
   0.37,
   0.15,
   0.26
  ],
  [
   0.75,
   0.14,
   0.33,
   0.65,
   0.31,
   0.16,
   0.5,
   0.15,
   0.26
  ],
  [
   0.66,
   0.09,
   0.25,
   0.31,
   0.66,
   0.08,
   0.34,
   0.1,
   0.3
  ],
  [
   0.63,
   0.06,
   0.18,
   0.16,
   0.08,
   0.64,
   0.24,
   0.11,
   0.18
  ],
  [
   0.83,
   0.18,
   0.37,
   0.5,
   0.34,
   0.24,
   0.66,
   0.24,
   0.4
  ],
  [
   0.61,
   0.06,
   0.15,
   0.15,
   0.1,
   0.11,
   0.24,
   0.64,
   0.23
  ],
  [
   0.8,
   0.15,
   0.26,
   0.26,
   0.3,
   0.18,
   0.4,
   0.23,
   0.67
  ]
 ],
 "chain_pair_pae_min": [
  [
   0.76,
   2.2,
   1.13,
   1.29,
   1.69,
   1.83,
   1.09,
   1.94,
   1.36
  ],
  [
   2.06,
   0.76,
   15.8,
   22.44,
   24.03,
   24.68,
   21.37,
   26.8,
   23.63
  ],
  [
   1.19,
   9.42,
   0.76,
   6.46,
   8.3,
   9.39,
   6.02,
   11.47,
   8.83
  ],
  [
   1.44,
   13.23,
   7.67,
   0.76,
   7.2,
   11.35,
   3.56,
   12.2,
   9.58
  ],
  [
   1.62,
   18.56,
   16.51,
   11.69,
   0.76,
   19.77,
   10.73,
   18.03,
   10.99
  ],
  [
   2.04,
   22.48,
   23.03,
   19.74,
   20.21,
   0.76,
   14.72,
   13.1,
   16.6
  ],
  [
   1.17,
   10.67,
   5.78,
   3.01,
   5.73,
   6.42,
   0.76,
   7.3,
   5.38
  ],
  [
   2.01,
   22.27,
   22.05,
   19.61,
   19.3,
   13.61,
   15.82,
   0.76,
   13.02
  ],
  [
   1.25,
   12.3,
   9.89,
   9.29,
   6.91,
   10.42,
   7.17,
   8.73,
   0.76
  ]
 ],
 "chain_ptm": [
  0.78,
  0.6,
  0.66,
  0.65,
  0.66,
  0.64,
  0.66,
  0.64,
  0.67
 ],
 "fraction_disordered": 0.02,
 "has_clash": 0.0,
 "iptm": 0.72,
 "num_recycles": 10.0,
 "ptm": 0.76,
 "ranking_score": 0.74
}