{
 "chain_iptm": [
  0.69,
  0.17,
  0.31,
  0.33,
  0.26,
  0.21,
  0.39,
  0.21,
  0.32
 ],
 "chain_pair_iptm": [
  [
   0.77,
   0.5,
   0.79,
   0.75,
   0.65,
   0.63,
   0.83,
   0.61,
   0.8
  ],
  [
   0.5,
   0.63,
   0.21,
   0.15,
   0.07,
   0.07,
   0.19,
   0.06,
   0.13
  ],
  [
   0.79,
   0.21,
   0.65,
   0.32,
   0.24,
   0.18,
   0.37,
   0.14,
   0.25
  ],
  [
   0.75,
   0.15,
   0.32,
   0.65,
   0.32,
   0.16,
   0.51,
   0.15,
   0.26
  ],
  [
   0.65,
   0.07,
   0.24,
   0.32,
   0.65,
   0.09,
   0.35,
   0.09,
   0.29
  ],
  [
   0.63,
   0.07,
   0.18,
   0.16,
   0.09,
   0.64,
   0.25,
   0.11,
   0.18
  ],
  [
   0.83,
   0.19,
   0.37,
   0.51,
   0.35,
   0.25,
   0.65,
   0.24,
   0.41
  ],
  [
   0.61,
   0.06,
   0.14,
   0.15,
   0.09,
   0.11,
   0.24,
   0.65,
   0.23
  ],
  [
   0.8,
   0.13,
   0.25,
   0.26,
   0.29,
   0.18,
   0.41,
   0.23,
   0.67
  ]
 ],
 "chain_pair_pae_min": [
  [
   0.76,
   2.36,
   1.15,
   1.31,
   1.67,
   1.82,
   1.09,
   1.98,
   1.34
  ],
  [
   2.0,
   0.76,
   16.47,
   23.05,
   24.8,
   23.55,
   22.18,
   27.46,
   24.84
  ],
  [
   1.27,
   11.03,
   0.76,
   6.69,
   8.82,
   9.9,
   6.44,
   12.35,
   9.26
  ],
  [
   1.42,
   14.72,
   7.57,
   0.76,
   7.31,
   11.18,
   3.54,
   12.48,
   9.5
  ],
  [
   1.64,
   22.32,
   17.08,
   12.2,
   0.76,
   19.82,
   10.94,
   18.59,
   11.44
  ],
  [
   2.03,
   22.43,
   22.72,
   19.22,
   19.76,
   0.76,
   14.87,
   13.34,
   16.31
  ],
  [
   1.16,
   12.22,
   5.69,
   2.98,
   5.96,
   6.21,
   0.76,
   7.39,
   5.23
  ],
  [
   1.99,
   23.72,
   22.71,
   20.41,
   20.0,
   13.89,
   16.93,
   0.76,
   12.93
  ],
  [
   1.25,
   14.67,
   9.97,
   9.45,
   7.19,
   10.48,
   7.25,
   8.7,
   0.76
  ]
 ],
 "chain_ptm": [
  0.77,
  0.63,
  0.65,
  0.65,
  0.65,
  0.64,
  0.65,
  0.65,
  0.67
 ],
 "fraction_disordered": 0.06,
 "has_clash": 0.0,
 "iptm": 0.72,
 "num_recycles": 10.0,
 "ptm": 0.76,
 "ranking_score": 0.75
}